p cnf 413 978
0 49 0
1 50 0
2 51 0
3 52 0
4 53 0
5 54 0
6 55 0
7 56 0
8 57 0
9 58 0
10 59 0
11 60 0
12 61 0
13 62 0
14 63 0
15 64 0
16 65 0
17 66 0
18 67 0
19 68 0
20 69 0
21 70 0
22 71 0
23 72 0
24 73 0
25 74 0
26 75 0
27 76 0
28 77 0
29 78 0
30 79 0
31 80 0
32 81 0
33 82 0
34 83 0
35 84 0
36 85 0
37 86 0
38 87 0
39 88 0
40 89 0
41 90 0
42 91 0
43 92 0
44 93 0
45 94 0
46 95 0
47 96 0
48 97 0
56 63 0
84 91 0
71 78 0
58 65 0
86 93 0
73 80 0
60 67 0
88 95 0
75 82 0
62 69 0
90 97 0
49 0
50 0
51 0
52 0
53 0
54 0
55 0
57 0
59 0
61 0
64 0
66 0
68 0
70 0
72 0
74 0
76 0
77 0
79 0
81 0
83 0
85 0
87 0
89 0
92 0
94 0
96 0
50 51 0
54 55 0
59 60 0
64 65 0
68 69 0
73 74 0
78 79 0
82 83 0
87 88 0
92 93 0
96 97 0
56 0
58 0
62 0
63 0
67 0
71 0
75 0
80 0
84 0
86 0
90 0
91 0
95 0
49 56 0
77 84 0
64 71 0
51 58 0
79 86 0
66 73 0
53 60 0
81 88 0
68 75 0
55 62 0
83 90 0
50 98 0
54 99 0
59 100 0
65 0
69 0
74 101 0
78 0
82 0
87 102 0
92 103 0
93 0
96 104 0
97 0
51 52 0
56 57 0
60 61 0
65 66 0
70 71 0
75 101 0
79 80 0
84 85 0
88 89 0
93 94 0
49 105 0
53 106 0
55 107 0
58 108 0
62 109 0
64 110 0
68 111 0
73 0
77 112 0
81 113 0
83 114 0
86 115 0
90 116 0
70 112 0
57 110 0
85 103 0
72 79 0
66 100 0
94 102 0
101 113 0
61 111 0
89 104 0
76 114 0
51 117 0
52 118 0
56 119 0
60 0
65 120 0
71 121 0
75 122 0
80 123 0
84 124 0
88 0
93 125 0
98 117 0
99 107 0
60 100 0
110 120 0
69 111 0
73 101 0
78 79 0
82 114 0
88 102 0
103 125 0
97 104 0
57 126 0
61 127 0
66 128 0
70 129 0
72 130 0
76 131 0
112 132 0
113 0
85 133 0
89 134 0
94 135 0
63 129 0
98 126 0
78 133 0
120 130 0
100 118 0
102 123 0
67 101 0
99 127 0
82 134 0
69 131 0
117 0
107 136 0
60 137 0
110 0
111 0
73 138 0
79 139 0
114 0
88 140 0
103 0
125 0
104 141 0
97 142 0
98 105 0
99 106 0
100 108 0
63 110 0
67 111 0
130 138 0
78 132 0
82 113 0
102 115 0
91 103 0
95 141 0
118 0
126 0
127 143 0
120 0
69 144 0
129 145 0
101 146 0
131 147 0
123 0
133 148 0
134 0
63 119 0
91 124 0
78 121 0
108 120 0
115 125 0
123 138 0
67 137 0
95 140 0
82 122 0
109 144 0
116 142 0
105 149 0
98 150 0
106 151 0
99 152 0
100 153 0
110 154 0
111 155 0
130 0
132 156 0
113 157 0
102 0
103 158 0
141 0
117 150 0
136 152 0
137 153 0
120 154 0
144 155 0
138 146 0
78 139 0
82 114 0
102 140 0
125 158 0
141 142 0
119 0
108 159 0
109 160 0
63 161 0
67 162 0
121 163 0
122 0
123 164 0
124 165 0
115 0
116 0
91 166 0
95 167 0
119 149 0
156 165 0
154 163 0
117 159 0
115 139 0
128 138 0
137 151 0
140 157 0
122 155 0
136 160 0
114 116 0
150 168 0
152 169 0
153 170 0
120 171 0
144 172 0
146 173 0
78 174 0
82 175 0
102 176 0
158 177 0
125 178 0
141 179 0
142 0
117 118 0
119 126 0
137 143 0
128 171 0
145 163 0
122 173 0
139 164 0
148 165 0
134 140 0
135 178 0
149 180 0
151 0
136 181 0
159 0
160 182 0
154 0
155 0
138 0
156 183 0
157 0
114 184 0
115 185 0
116 186 0
145 183 0
126 154 0
148 177 0
130 139 0
128 170 0
135 176 0
157 173 0
143 155 0
134 179 0
147 184 0
117 187 0
118 188 0
119 189 0
137 190 0
171 191 0
163 0
122 192 0
164 0
165 193 0
140 194 0
178 0
168 187 0
169 181 0
170 190 0
154 191 0
155 172 0
138 173 0
139 174 0
175 184 0
176 194 0
177 178 0
142 179 0
126 195 0
143 0
128 0
145 0
130 196 0
147 197 0
183 198 0
157 199 0
148 0
134 200 0
135 0
145 161 0
168 195 0
148 174 0
191 196 0
170 188 0
164 176 0
162 173 0
143 169 0
175 200 0
172 197 0
187 201 0
181 202 0
190 203 0
154 204 0
155 205 0
138 206 0
139 207 0
184 0
194 0
177 0
178 208 0
179 209 0
142 210 0
168 180 0
151 169 0
159 170 0
161 204 0
162 205 0
196 206 0
174 198 0
175 199 0
176 185 0
166 177 0
167 209 0
188 211 0
195 212 0
143 213 0
191 0
172 0
145 214 0
173 215 0
197 216 0
164 217 0
148 218 0
200 0
161 189 0
166 193 0
163 174 0
159 191 0
185 208 0
206 217 0
162 203 0
167 194 0
175 192 0
172 182 0
186 210 0
180 0
168 219 0
151 220 0
169 221 0
170 222 0
204 0
205 223 0
196 224 0
198 0
199 225 0
176 226 0
177 227 0
209 0
201 219 0
202 221 0
203 222 0
191 204 0
172 223 0
206 215 0
174 207 0
175 184 0
194 226 0
208 227 0
209 210 0
189 0
159 228 0
182 229 0
161 0
162 0
163 230 0
192 0
217 0
193 0
185 231 0
186 232 0
166 0
167 0
180 189 0
193 198 0
204 230 0
201 228 0
207 231 0
128 206 0
203 220 0
194 225 0
192 223 0
202 229 0
184 232 0
219 233 0
221 0
222 234 0
191 235 0
172 236 0
215 237 0
174 238 0
175 0
226 0
227 0
208 239 0
209 240 0
210 241 0
201 211 0
189 212 0
203 213 0
128 235 0
214 230 0
192 237 0
207 217 0
193 218 0
194 200 0
135 239 0
180 242 0
220 0
202 0
228 0
229 243 0
204 244 0
223 0
206 245 0
198 246 0
225 0
184 247 0
231 0
232 0
214 246 0
212 244 0
218 227 0
207 224 0
128 234 0
135 226 0
225 237 0
213 223 0
200 240 0
216 247 0
201 248 0
211 0
189 249 0
203 250 0
235 251 0
230 0
192 252 0
217 253 0
193 254 0
194 255 0
239 256 0
233 248 0
202 221 0
234 250 0
244 251 0
223 236 0
237 245 0
207 238 0
175 247 0
226 255 0
227 256 0
240 241 0
212 0
213 0
128 257 0
214 258 0
224 0
216 0
246 259 0
225 260 0
218 0
200 261 0
135 262 0
161 258 0
212 233 0
218 238 0
224 251 0
211 234 0
226 253 0
162 237 0
213 221 0
175 261 0
216 236 0
248 263 0
202 264 0
250 265 0
244 266 0
223 267 0
245 0
207 0
247 268 0
255 269 0
227 270 0
256 271 0
240 272 0
241 0
233 242 0
220 221 0
228 234 0
161 266 0
162 267 0
224 245 0
238 259 0
175 260 0
226 231 0
166 270 0
167 272 0
211 273 0
212 274 0
213 275 0
251 276 0
236 0
258 0
237 0
216 277 0
253 278 0
218 279 0
261 0
161 249 0
166 254 0
230 238 0
228 276 0
231 271 0
245 278 0
162 265 0
167 269 0
175 252 0
236 243 0
232 241 0
242 280 0
233 0
220 281 0
221 282 0
234 0
266 283 0
267 0
224 284 0
259 0
260 285 0
226 286 0
270 287 0
272 0
233 263 0
264 282 0
234 265 0
276 283 0
236 267 0
237 245 0
207 238 0
175 268 0
269 286 0
271 287 0
241 272 0
249 0
228 288 0
243 289 0
161 290 0
162 291 0
230 292 0
252 0
278 0
254 293 0
231 294 0
232 295 0
166 296 0
167 297 0
249 280 0
259 293 0
283 292 0
263 288 0
207 294 0
245 257 0
265 281 0
269 285 0
252 267 0
264 289 0
268 295 0
233 298 0
282 299 0
234 300 0
276 301 0
236 302 0
237 303 0
238 304 0
175 305 0
286 0
287 0
271 306 0
272 307 0
241 308 0
263 273 0
249 274 0
265 275 0
257 301 0
258 292 0
252 303 0
207 278 0
279 293 0
261 269 0
262 306 0
280 309 0
281 310 0
264 0
288 311 0
289 312 0
283 313 0
267 314 0
245 315 0
259 316 0
285 317 0
268 318 0
294 0
295 0
258 316 0
274 313 0
279 287 0
207 284 0
257 300 0
262 286 0
303 317 0
275 314 0
261 307 0
277 318 0
263 0
273 0
249 319 0
265 320 0
301 321 0
292 322 0
252 323 0
278 324 0
293 0
269 325 0
306 0
263 298 0
264 299 0
300 320 0
313 321 0
302 314 0
303 315 0
207 304 0
305 318 0
286 325 0
287 306 0
307 308 0
274 326 0
275 0
257 0
258 327 0
284 328 0
277 0
316 0
317 0
279 329 0
261 330 0
262 0
290 327 0
298 326 0
304 329 0
321 328 0
273 300 0
286 324 0
291 303 0
275 299 0
305 330 0
277 302 0
263 331 0
264 332 0
320 0
313 0
314 333 0
315 334 0
207 335 0
318 336 0
325 0
287 337 0
306 338 0
307 339 0
308 340 0
298 309 0
299 310 0
300 311 0
290 313 0
291 333 0
328 334 0
304 316 0
305 317 0
286 294 0
296 337 0
297 339 0
273 341 0
326 0
275 342 0
321 343 0
302 344 0
327 345 0
303 346 0
277 347 0
324 0
329 348 0
330 0
290 319 0
293 296 0
304 322 0
311 343 0
294 338 0
324 334 0
291 320 0
297 325 0
305 323 0
312 344 0
295 340 0
309 349 0
298 0
310 0
299 350 0
300 0
313 351 0
333 0
328 0
316 352 0
317 353 0
286 354 0
337 0
339 0
298 331 0
332 350 0
300 320 0
343 351 0
333 344 0
334 346 0
304 335 0
305 336 0
325 354 0
337 338 0
339 340 0
319 0
311 355 0
312 356 0
290 0
291 357 0
322 358 0
323 359 0
324 360 0
293 361 0
294 362 0
295 363 0
296 364 0
297 365 0
319 349 0
352 361 0
351 358 0
331 355 0
335 362 0
257 334 0
310 320 0
325 353 0
333 359 0
332 356 0
336 363 0
298 366 0
350 367 0
300 368 0
343 0
344 369 0
346 0
304 0
305 370 0
354 371 0
337 372 0
338 373 0
339 374 0
340 0
331 341 0
319 326 0
320 342 0
257 343 0
345 358 0
346 359 0
335 360 0
348 361 0
325 330 0
262 373 0
349 375 0
310 376 0
332 0
355 0
356 377 0
351 0
333 378 0
334 0
352 0
353 0
336 379 0
362 0
363 0
345 352 0
326 351 0
348 372 0
328 335 0
257 368 0
262 371 0
346 353 0
342 378 0
330 374 0
347 379 0
331 0
341 380 0
319 381 0
320 382 0
343 383 0
358 0
359 0
360 0
361 384 0
325 385 0
373 0
331 366 0
332 367 0
368 382 0
351 383 0
369 378 0
334 346 0
304 335 0
370 379 0
371 385 0
372 373 0
340 374 0
326 386 0
342 387 0
257 388 0
345 0
328 389 0
347 390 0
352 391 0
353 392 0
348 393 0
330 394 0
262 395 0
290 345 0
366 386 0
304 393 0
383 389 0
368 380 0
360 371 0
346 357 0
367 387 0
370 394 0
369 390 0
331 396 0
332 397 0
382 0
351 398 0
378 0
334 399 0
335 0
379 400 0
385 0
372 0
373 401 0
374 402 0
340 403 0
366 375 0
367 376 0
355 368 0
290 398 0
357 378 0
389 399 0
304 391 0
370 392 0
362 371 0
364 372 0
365 402 0
380 0
386 0
387 404 0
383 405 0
369 406 0
345 407 0
346 408 0
390 409 0
360 410 0
393 411 0
394 412 0
