49
0 h 0
0 h 1
0 h 2
0 h 3
0 h 4
0 h 5
0 h 6
0 h 7
0 h 8
0 h 9
0 h 10
0 h 11
0 h 12
0 h 13
0 h 14
0 h 15
0 h 16
0 h 17
0 h 18
0 h 19
0 h 20
0 h 21
0 h 22
0 h 23
0 h 24
0 h 25
0 h 26
0 h 27
0 h 28
0 h 29
0 h 30
0 h 31
0 h 32
0 h 33
0 h 34
0 h 35
0 h 36
0 h 37
0 h 38
0 h 39
0 h 40
0 h 41
0 h 42
0 h 43
0 h 44
0 h 45
0 h 46
0 h 47
0 h 48
1 cz 7 14
1 cz 35 42
1 cz 22 29
1 cz 9 16
1 cz 37 44
1 cz 24 31
1 cz 11 18
1 cz 39 46
1 cz 26 33
1 cz 13 20
1 cz 41 48
1 t 0
1 t 1
1 t 2
1 t 3
1 t 4
1 t 5
1 t 6
1 t 8
1 t 10
1 t 12
1 t 15
1 t 17
1 t 19
1 t 21
1 t 23
1 t 25
1 t 27
1 t 28
1 t 30
1 t 32
1 t 34
1 t 36
1 t 38
1 t 40
1 t 43
1 t 45
1 t 47
2 cz 1 2
2 cz 5 6
2 cz 10 11
2 cz 15 16
2 cz 19 20
2 cz 24 25
2 cz 29 30
2 cz 33 34
2 cz 38 39
2 cz 43 44
2 cz 47 48
2 t 7
2 t 9
2 t 13
2 t 14
2 t 18
2 t 22
2 t 26
2 t 31
2 t 35
2 t 37
2 t 41
2 t 42
2 t 46
3 cz 0 7
3 cz 28 35
3 cz 15 22
3 cz 2 9
3 cz 30 37
3 cz 17 24
3 cz 4 11
3 cz 32 39
3 cz 19 26
3 cz 6 13
3 cz 34 41
3 x_1_2 1
3 y_1_2 5
3 x_1_2 10
3 t 16
3 t 20
3 x_1_2 25
3 t 29
3 t 33
3 x_1_2 38
3 x_1_2 43
3 t 44
3 y_1_2 47
3 t 48
4 cz 2 3
4 cz 7 8
4 cz 11 12
4 cz 16 17
4 cz 21 22
4 cz 25 26
4 cz 30 31
4 cz 35 36
4 cz 39 40
4 cz 44 45
4 x_1_2 0
4 y_1_2 4
4 y_1_2 6
4 x_1_2 9
4 y_1_2 13
4 y_1_2 15
4 y_1_2 19
4 t 24
4 y_1_2 28
4 x_1_2 32
4 x_1_2 34
4 x_1_2 37
4 y_1_2 41
5 cz 21 28
5 cz 8 15
5 cz 36 43
5 cz 23 30
5 cz 10 17
5 cz 38 45
5 cz 25 32
5 cz 12 19
5 cz 40 47
5 cz 27 34
5 y_1_2 2
5 x_1_2 3
5 y_1_2 7
5 t 11
5 x_1_2 16
5 x_1_2 22
5 y_1_2 26
5 x_1_2 31
5 y_1_2 35
5 t 39
5 y_1_2 44
6 cz 1 2
6 cz 5 6
6 cz 10 11
6 cz 15 16
6 cz 19 20
6 cz 24 25
6 cz 29 30
6 cz 33 34
6 cz 38 39
6 cz 43 44
6 cz 47 48
6 x_1_2 8
6 y_1_2 12
6 x_1_2 17
6 y_1_2 21
6 x_1_2 23
6 y_1_2 27
6 x_1_2 28
6 t 32
6 y_1_2 36
6 x_1_2 40
6 y_1_2 45
7 cz 14 21
7 cz 1 8
7 cz 29 36
7 cz 16 23
7 cz 3 10
7 cz 31 38
7 cz 18 25
7 cz 5 12
7 cz 33 40
7 cz 20 27
7 t 2
7 x_1_2 6
7 x_1_2 11
7 t 15
7 t 19
7 y_1_2 24
7 x_1_2 30
7 t 34
7 x_1_2 39
7 t 43
7 t 44
7 x_1_2 47
7 x_1_2 48
8 cz 0 1
8 cz 4 5
8 cz 9 10
8 cz 14 15
8 cz 18 19
8 cz 23 24
8 cz 28 29
8 cz 32 33
8 cz 37 38
8 cz 42 43
8 cz 46 47
8 t 3
8 t 8
8 x_1_2 12
8 t 16
8 x_1_2 20
8 x_1_2 21
8 y_1_2 25
8 x_1_2 27
8 t 31
8 x_1_2 36
8 t 40
9 cz 7 14
9 cz 35 42
9 cz 22 29
9 cz 9 16
9 cz 37 44
9 cz 24 31
9 cz 11 18
9 cz 39 46
9 cz 26 33
9 cz 13 20
9 cz 41 48
9 y_1_2 0
9 y_1_2 1
9 x_1_2 4
9 x_1_2 5
9 y_1_2 10
9 y_1_2 15
9 y_1_2 19
9 t 23
9 y_1_2 28
9 x_1_2 32
9 t 38
9 x_1_2 43
9 t 47
10 cz 1 2
10 cz 5 6
10 cz 10 11
10 cz 15 16
10 cz 19 20
10 cz 24 25
10 cz 29 30
10 cz 33 34
10 cz 38 39
10 cz 43 44
10 cz 47 48
10 t 7
10 y_1_2 9
10 x_1_2 13
10 x_1_2 14
10 x_1_2 18
10 y_1_2 22
10 t 26
10 x_1_2 31
10 x_1_2 35
10 t 37
10 t 41
10 x_1_2 42
10 y_1_2 46
11 cz 0 7
11 cz 28 35
11 cz 15 22
11 cz 2 9
11 cz 30 37
11 cz 17 24
11 cz 4 11
11 cz 32 39
11 cz 19 26
11 cz 6 13
11 cz 34 41
11 x_1_2 1
11 y_1_2 5
11 x_1_2 10
11 y_1_2 16
11 y_1_2 20
11 x_1_2 25
11 y_1_2 29
11 y_1_2 33
11 y_1_2 38
11 y_1_2 43
11 y_1_2 44
11 x_1_2 47
11 t 48
12 cz 2 3
12 cz 7 8
12 cz 11 12
12 cz 16 17
12 cz 21 22
12 cz 25 26
12 cz 30 31
12 cz 35 36
12 cz 39 40
12 cz 44 45
12 x_1_2 0
12 t 4
12 y_1_2 6
12 t 9
12 y_1_2 13
12 t 15
12 t 19
12 t 24
12 x_1_2 28
12 t 32
12 x_1_2 34
12 y_1_2 37
12 y_1_2 41
13 cz 21 28
13 cz 8 15
13 cz 36 43
13 cz 23 30
13 cz 10 17
13 cz 38 45
13 cz 25 32
13 cz 12 19
13 cz 40 47
13 cz 27 34
13 y_1_2 2
13 y_1_2 3
13 y_1_2 7
13 y_1_2 11
13 x_1_2 16
13 t 22
13 y_1_2 26
13 t 31
13 y_1_2 35
13 y_1_2 39
13 t 44
14 cz 1 2
14 cz 5 6
14 cz 10 11
14 cz 15 16
14 cz 19 20
14 cz 24 25
14 cz 29 30
14 cz 33 34
14 cz 38 39
14 cz 43 44
14 cz 47 48
14 x_1_2 8
14 t 12
14 t 17
14 t 21
14 y_1_2 23
14 y_1_2 27
14 y_1_2 28
14 y_1_2 32
14 t 36
14 x_1_2 40
14 t 45
15 cz 14 21
15 cz 1 8
15 cz 29 36
15 cz 16 23
15 cz 3 10
15 cz 31 38
15 cz 18 25
15 cz 5 12
15 cz 33 40
15 cz 20 27
15 x_1_2 2
15 x_1_2 6
15 x_1_2 11
15 x_1_2 15
15 x_1_2 19
15 x_1_2 24
15 y_1_2 30
15 t 34
15 t 39
15 t 43
15 y_1_2 44
15 y_1_2 47
15 x_1_2 48
16 cz 0 1
16 cz 4 5
16 cz 9 10
16 cz 14 15
16 cz 18 19
16 cz 23 24
16 cz 28 29
16 cz 32 33
16 cz 37 38
16 cz 42 43
16 cz 46 47
16 x_1_2 3
16 y_1_2 8
16 y_1_2 12
16 t 16
16 t 20
16 x_1_2 21
16 y_1_2 25
16 x_1_2 27
16 y_1_2 31
16 y_1_2 36
16 t 40
17 cz 7 14
17 cz 35 42
17 cz 22 29
17 cz 9 16
17 cz 37 44
17 cz 24 31
17 cz 11 18
17 cz 39 46
17 cz 26 33
17 cz 13 20
17 cz 41 48
17 t 0
17 y_1_2 1
17 y_1_2 4
17 x_1_2 5
17 y_1_2 10
17 t 15
17 y_1_2 19
17 x_1_2 23
17 t 28
17 x_1_2 32
17 x_1_2 38
17 x_1_2 43
17 t 47
18 cz 1 2
18 cz 5 6
18 cz 10 11
18 cz 15 16
18 cz 19 20
18 cz 24 25
18 cz 29 30
18 cz 33 34
18 cz 38 39
18 cz 43 44
18 cz 47 48
18 t 7
18 x_1_2 9
18 x_1_2 13
18 t 14
18 t 18
18 x_1_2 22
18 t 26
18 t 31
18 t 35
18 x_1_2 37
18 x_1_2 41
18 t 42
18 t 46
19 cz 0 7
19 cz 28 35
19 cz 15 22
19 cz 2 9
19 cz 30 37
19 cz 17 24
19 cz 4 11
19 cz 32 39
19 cz 19 26
19 cz 6 13
19 cz 34 41
19 x_1_2 1
19 t 5
19 x_1_2 10
19 y_1_2 16
19 x_1_2 20
19 x_1_2 25
19 x_1_2 29
19 t 33
19 t 38
19 t 43
19 x_1_2 44
19 x_1_2 47
19 y_1_2 48
20 cz 2 3
20 cz 7 8
20 cz 11 12
20 cz 16 17
20 cz 21 22
20 cz 25 26
20 cz 30 31
20 cz 35 36
20 cz 39 40
20 cz 44 45
20 y_1_2 0
20 t 4
20 t 6
20 t 9
20 y_1_2 13
20 x_1_2 15
20 t 19
20 y_1_2 24
20 x_1_2 28
20 t 32
20 x_1_2 34
20 t 37
20 t 41
21 cz 21 28
21 cz 8 15
21 cz 36 43
21 cz 23 30
21 cz 10 17
21 cz 38 45
21 cz 25 32
21 cz 12 19
21 cz 40 47
21 cz 27 34
21 y_1_2 2
21 t 3
21 y_1_2 7
21 y_1_2 11
21 x_1_2 16
21 t 22
21 x_1_2 26
21 x_1_2 31
21 x_1_2 35
21 y_1_2 39
21 y_1_2 44
22 cz 1 2
22 cz 5 6
22 cz 10 11
22 cz 15 16
22 cz 19 20
22 cz 24 25
22 cz 29 30
22 cz 33 34
22 cz 38 39
22 cz 43 44
22 cz 47 48
22 t 8
22 t 12
22 y_1_2 17
22 y_1_2 21
22 t 23
22 t 27
22 y_1_2 28
22 x_1_2 32
22 t 36
22 y_1_2 40
22 x_1_2 45
23 cz 14 21
23 cz 1 8
23 cz 29 36
23 cz 16 23
23 cz 3 10
23 cz 31 38
23 cz 18 25
23 cz 5 12
23 cz 33 40
23 cz 20 27
23 x_1_2 2
23 x_1_2 6
23 x_1_2 11
23 y_1_2 15
23 y_1_2 19
23 t 24
23 t 30
23 y_1_2 34
23 x_1_2 39
23 y_1_2 43
23 x_1_2 44
23 y_1_2 47
23 t 48
24 cz 0 1
24 cz 4 5
24 cz 9 10
24 cz 14 15
24 cz 18 19
24 cz 23 24
24 cz 28 29
24 cz 32 33
24 cz 37 38
24 cz 42 43
24 cz 46 47
24 y_1_2 3
24 x_1_2 8
24 x_1_2 12
24 y_1_2 16
24 t 20
24 t 21
24 t 25
24 x_1_2 27
24 y_1_2 31
24 x_1_2 36
24 t 40
25 cz 7 14
25 cz 35 42
25 cz 22 29
25 cz 9 16
25 cz 37 44
25 cz 24 31
25 cz 11 18
25 cz 39 46
25 cz 26 33
25 cz 13 20
25 cz 41 48
25 x_1_2 0
25 t 1
25 x_1_2 4
25 y_1_2 5
25 t 10
25 x_1_2 15
25 t 19
25 x_1_2 23
25 t 28
25 y_1_2 32
25 y_1_2 38
25 x_1_2 43
25 t 47
26 cz 1 2
26 cz 5 6
26 cz 10 11
26 cz 15 16
26 cz 19 20
26 cz 24 25
26 cz 29 30
26 cz 33 34
26 cz 38 39
26 cz 43 44
26 cz 47 48
26 t 7
26 y_1_2 9
26 x_1_2 13
26 x_1_2 14
26 y_1_2 18
26 x_1_2 22
26 t 26
26 t 31
26 y_1_2 35
26 y_1_2 37
26 x_1_2 41
26 x_1_2 42
26 y_1_2 46
27 cz 0 7
27 cz 28 35
27 cz 15 22
27 cz 2 9
27 cz 30 37
27 cz 17 24
27 cz 4 11
27 cz 32 39
27 cz 19 26
27 cz 6 13
27 cz 34 41
27 y_1_2 1
27 x_1_2 5
27 x_1_2 10
27 x_1_2 16
27 x_1_2 20
27 x_1_2 25
27 y_1_2 29
27 x_1_2 33
27 t 38
27 t 43
27 y_1_2 44
27 y_1_2 47
27 y_1_2 48
28 cz 2 3
28 cz 7 8
28 cz 11 12
28 cz 16 17
28 cz 21 22
28 cz 25 26
28 cz 30 31
28 cz 35 36
28 cz 39 40
28 cz 44 45
28 y_1_2 0
28 y_1_2 4
28 t 6
28 x_1_2 9
28 y_1_2 13
28 y_1_2 15
28 x_1_2 19
28 x_1_2 24
28 x_1_2 28
28 x_1_2 32
28 x_1_2 34
28 t 37
28 t 41
29 cz 21 28
29 cz 8 15
29 cz 36 43
29 cz 23 30
29 cz 10 17
29 cz 38 45
29 cz 25 32
29 cz 12 19
29 cz 40 47
29 cz 27 34
29 t 2
29 t 3
29 y_1_2 7
29 y_1_2 11
29 y_1_2 16
29 y_1_2 22
29 y_1_2 26
29 x_1_2 31
29 t 35
29 y_1_2 39
29 t 44
30 cz 1 2
30 cz 5 6
30 cz 10 11
30 cz 15 16
30 cz 19 20
30 cz 24 25
30 cz 29 30
30 cz 33 34
30 cz 38 39
30 cz 43 44
30 cz 47 48
30 y_1_2 8
30 t 12
30 t 17
30 x_1_2 21
30 y_1_2 23
30 t 27
30 t 28
30 t 32
30 y_1_2 36
30 x_1_2 40
30 t 45
31 cz 14 21
31 cz 1 8
31 cz 29 36
31 cz 16 23
31 cz 3 10
31 cz 31 38
31 cz 18 25
31 cz 5 12
31 cz 33 40
31 cz 20 27
31 y_1_2 2
31 y_1_2 6
31 t 11
31 t 15
31 y_1_2 19
31 y_1_2 24
31 y_1_2 30
31 y_1_2 34
31 t 39
31 y_1_2 43
31 x_1_2 44
31 x_1_2 47
31 x_1_2 48
32 cz 0 1
32 cz 4 5
32 cz 9 10
32 cz 14 15
32 cz 18 19
32 cz 23 24
32 cz 28 29
32 cz 32 33
32 cz 37 38
32 cz 42 43
32 cz 46 47
32 x_1_2 3
32 t 8
32 x_1_2 12
32 x_1_2 16
32 y_1_2 20
32 y_1_2 21
32 y_1_2 25
32 x_1_2 27
32 t 31
32 x_1_2 36
32 t 40
33 cz 7 14
33 cz 35 42
33 cz 22 29
33 cz 9 16
33 cz 37 44
33 cz 24 31
33 cz 11 18
33 cz 39 46
33 cz 26 33
33 cz 13 20
33 cz 41 48
33 x_1_2 0
33 t 1
33 t 4
33 y_1_2 5
33 t 10
33 y_1_2 15
33 t 19
33 t 23
33 y_1_2 28
33 x_1_2 32
33 x_1_2 38
33 t 43
33 t 47
34 cz 1 2
34 cz 5 6
34 cz 10 11
34 cz 15 16
34 cz 19 20
34 cz 24 25
34 cz 29 30
34 cz 33 34
34 cz 38 39
34 cz 43 44
34 cz 47 48
34 t 7
34 y_1_2 9
34 x_1_2 13
34 t 14
34 x_1_2 18
34 x_1_2 22
34 x_1_2 26
34 y_1_2 31
34 y_1_2 35
34 y_1_2 37
34 x_1_2 41
34 y_1_2 42
34 x_1_2 46
35 cz 0 7
35 cz 28 35
35 cz 15 22
35 cz 2 9
35 cz 30 37
35 cz 17 24
35 cz 4 11
35 cz 32 39
35 cz 19 26
35 cz 6 13
35 cz 34 41
35 y_1_2 1
35 x_1_2 5
35 y_1_2 10
35 t 16
35 x_1_2 20
35 t 25
35 t 29
35 y_1_2 33
35 y_1_2 38
35 y_1_2 43
35 y_1_2 44
35 x_1_2 47
35 t 48
36 cz 2 3
36 cz 7 8
36 cz 11 12
36 cz 16 17
36 cz 21 22
36 cz 25 26
36 cz 30 31
36 cz 35 36
36 cz 39 40
36 cz 44 45
36 y_1_2 0
36 x_1_2 4
36 t 6
36 t 9
36 y_1_2 13
36 t 15
36 x_1_2 19
36 t 24
36 t 28
36 t 32
36 x_1_2 34
36 t 37
36 t 41
37 cz 21 28
37 cz 8 15
37 cz 36 43
37 cz 23 30
37 cz 10 17
37 cz 38 45
37 cz 25 32
37 cz 12 19
37 cz 40 47
37 cz 27 34
37 t 2
37 y_1_2 3
37 x_1_2 7
37 x_1_2 11
37 x_1_2 16
37 t 22
37 t 26
37 t 31
37 x_1_2 35
37 y_1_2 39
37 t 44
38 cz 1 2
38 cz 5 6
38 cz 10 11
38 cz 15 16
38 cz 19 20
38 cz 24 25
38 cz 29 30
38 cz 33 34
38 cz 38 39
38 cz 43 44
38 cz 47 48
38 y_1_2 8
38 y_1_2 12
38 x_1_2 17
38 t 21
38 y_1_2 23
38 y_1_2 27
38 y_1_2 28
38 y_1_2 32
38 y_1_2 36
38 y_1_2 40
38 x_1_2 45
39 cz 14 21
39 cz 1 8
39 cz 29 36
39 cz 16 23
39 cz 3 10
39 cz 31 38
39 cz 18 25
39 cz 5 12
39 cz 33 40
39 cz 20 27
39 x_1_2 2
39 y_1_2 6
39 t 11
39 y_1_2 15
39 t 19
39 y_1_2 24
39 t 30
39 y_1_2 34
39 t 39
39 t 43
39 y_1_2 44
39 y_1_2 47
39 y_1_2 48
40 cz 0 1
40 cz 4 5
40 cz 9 10
40 cz 14 15
40 cz 18 19
40 cz 23 24
40 cz 28 29
40 cz 32 33
40 cz 37 38
40 cz 42 43
40 cz 46 47
40 t 3
40 t 8
40 x_1_2 12
40 y_1_2 16
40 y_1_2 20
40 x_1_2 21
40 y_1_2 25
40 x_1_2 27
40 y_1_2 31
40 x_1_2 36
40 x_1_2 40
41 cz 7 14
41 cz 35 42
41 cz 22 29
41 cz 9 16
41 cz 37 44
41 cz 24 31
41 cz 11 18
41 cz 39 46
41 cz 26 33
41 cz 13 20
41 cz 41 48
41 x_1_2 0
41 t 1
41 t 4
41 t 5
41 x_1_2 10
41 t 15
41 x_1_2 19
41 x_1_2 23
41 t 28
41 t 32
41 t 38
41 y_1_2 43
41 x_1_2 47
42 cz 1 2
42 cz 5 6
42 cz 10 11
42 cz 15 16
42 cz 19 20
42 cz 24 25
42 cz 29 30
42 cz 33 34
42 cz 38 39
42 cz 43 44
42 cz 47 48
42 t 7
42 x_1_2 9
42 t 13
42 y_1_2 14
42 y_1_2 18
42 y_1_2 22
42 y_1_2 26
42 t 31
42 y_1_2 35
42 y_1_2 37
42 x_1_2 41
42 t 42
42 t 46
43 cz 0 7
43 cz 28 35
43 cz 15 22
43 cz 2 9
43 cz 30 37
43 cz 17 24
43 cz 4 11
43 cz 32 39
43 cz 19 26
43 cz 6 13
43 cz 34 41
43 y_1_2 1
43 y_1_2 5
43 y_1_2 10
43 t 16
43 x_1_2 20
43 x_1_2 25
43 x_1_2 29
43 x_1_2 33
43 y_1_2 38
43 x_1_2 43
43 t 44
43 y_1_2 47
43 x_1_2 48
44 cz 2 3
44 cz 7 8
44 cz 11 12
44 cz 16 17
44 cz 21 22
44 cz 25 26
44 cz 30 31
44 cz 35 36
44 cz 39 40
44 cz 44 45
44 y_1_2 0
44 y_1_2 4
44 x_1_2 6
44 y_1_2 9
44 x_1_2 13
44 x_1_2 15
44 t 19
44 t 24
44 y_1_2 28
44 y_1_2 32
44 t 34
44 x_1_2 37
44 t 41
45 cz 21 28
45 cz 8 15
45 cz 36 43
45 cz 23 30
45 cz 10 17
45 cz 38 45
45 cz 25 32
45 cz 12 19
45 cz 40 47
45 cz 27 34
45 y_1_2 2
45 y_1_2 3
45 y_1_2 7
45 y_1_2 11
45 y_1_2 16
45 t 22
45 t 26
45 x_1_2 31
45 x_1_2 35
45 y_1_2 39
45 x_1_2 44
46 cz 1 2
46 cz 5 6
46 cz 10 11
46 cz 15 16
46 cz 19 20
46 cz 24 25
46 cz 29 30
46 cz 33 34
46 cz 38 39
46 cz 43 44
46 cz 47 48
46 x_1_2 8
46 y_1_2 12
46 t 17
46 t 21
46 y_1_2 23
46 y_1_2 27
46 t 28
46 t 32
46 y_1_2 36
46 t 40
46 t 45
47 cz 14 21
47 cz 1 8
47 cz 29 36
47 cz 16 23
47 cz 3 10
47 cz 31 38
47 cz 18 25
47 cz 5 12
47 cz 33 40
47 cz 20 27
47 x_1_2 2
47 y_1_2 6
47 t 11
47 t 15
47 x_1_2 19
47 y_1_2 24
47 y_1_2 30
47 x_1_2 34
47 x_1_2 39
47 t 43
47 y_1_2 44
47 t 47
47 t 48
48 cz 0 1
48 cz 4 5
48 cz 9 10
48 cz 14 15
48 cz 18 19
48 cz 23 24
48 cz 28 29
48 cz 32 33
48 cz 37 38
48 cz 42 43
48 cz 46 47
48 x_1_2 3
48 y_1_2 8
48 t 12
48 t 16
48 y_1_2 20
48 y_1_2 21
48 y_1_2 25
48 x_1_2 27
48 t 31
48 t 36
48 y_1_2 40
49 cz 7 14
49 cz 35 42
49 cz 22 29
49 cz 9 16
49 cz 37 44
49 cz 24 31
49 cz 11 18
49 cz 39 46
49 cz 26 33
49 cz 13 20
49 cz 41 48
49 t 0
49 x_1_2 1
49 x_1_2 4
49 x_1_2 5
49 t 10
49 x_1_2 15
49 t 19
49 x_1_2 23
49 y_1_2 28
49 x_1_2 32
49 t 38
49 y_1_2 43
49 x_1_2 47
50 cz 1 2
50 cz 5 6
50 cz 10 11
50 cz 15 16
50 cz 19 20
50 cz 24 25
50 cz 29 30
50 cz 33 34
50 cz 38 39
50 cz 43 44
50 cz 47 48
50 t 7
50 x_1_2 9
50 t 13
50 x_1_2 14
50 t 18
50 y_1_2 22
50 y_1_2 26
50 x_1_2 31
50 y_1_2 35
50 y_1_2 37
50 x_1_2 41
50 y_1_2 42
50 y_1_2 46
51 cz 0 7
51 cz 28 35
51 cz 15 22
51 cz 2 9
51 cz 30 37
51 cz 17 24
51 cz 4 11
51 cz 32 39
51 cz 19 26
51 cz 6 13
51 cz 34 41
51 t 1
51 t 5
51 y_1_2 10
51 x_1_2 16
51 t 20
51 x_1_2 25
51 y_1_2 29
51 y_1_2 33
51 x_1_2 38
51 t 43
51 x_1_2 44
51 y_1_2 47
51 x_1_2 48
52 cz 2 3
52 cz 7 8
52 cz 11 12
52 cz 16 17
52 cz 21 22
52 cz 25 26
52 cz 30 31
52 cz 35 36
52 cz 39 40
52 cz 44 45
52 x_1_2 0
52 t 4
52 t 6
52 y_1_2 9
52 x_1_2 13
52 y_1_2 15
52 x_1_2 19
52 t 24
52 x_1_2 28
52 y_1_2 32
52 y_1_2 34
52 x_1_2 37
52 y_1_2 41
53 cz 21 28
53 cz 8 15
53 cz 36 43
53 cz 23 30
53 cz 10 17
53 cz 38 45
53 cz 25 32
53 cz 12 19
53 cz 40 47
53 cz 27 34
53 t 2
53 y_1_2 3
53 y_1_2 7
53 y_1_2 11
53 y_1_2 16
53 x_1_2 22
53 t 26
53 y_1_2 31
53 t 35
53 t 39
53 t 44
54 cz 1 2
54 cz 5 6
54 cz 10 11
54 cz 15 16
54 cz 19 20
54 cz 24 25
54 cz 29 30
54 cz 33 34
54 cz 38 39
54 cz 43 44
54 cz 47 48
54 x_1_2 8
54 y_1_2 12
54 x_1_2 17
54 t 21
54 y_1_2 23
54 t 27
54 t 28
54 t 32
54 x_1_2 36
54 t 40
54 x_1_2 45
55 cz 14 21
55 cz 1 8
55 cz 29 36
55 cz 16 23
55 cz 3 10
55 cz 31 38
55 cz 18 25
55 cz 5 12
55 cz 33 40
55 cz 20 27
55 y_1_2 2
55 y_1_2 6
55 t 11
55 x_1_2 15
55 t 19
55 x_1_2 24
55 x_1_2 30
55 x_1_2 34
55 x_1_2 39
55 y_1_2 43
55 x_1_2 44
55 t 47
55 t 48
56 cz 0 1
56 cz 4 5
56 cz 9 10
56 cz 14 15
56 cz 18 19
56 cz 23 24
56 cz 28 29
56 cz 32 33
56 cz 37 38
56 cz 42 43
56 cz 46 47
56 x_1_2 3
56 t 8
56 t 12
56 x_1_2 16
56 y_1_2 20
56 y_1_2 21
56 t 25
56 y_1_2 27
56 x_1_2 31
56 y_1_2 36
56 x_1_2 40
57 cz 7 14
57 cz 35 42
57 cz 22 29
57 cz 9 16
57 cz 37 44
57 cz 24 31
57 cz 11 18
57 cz 39 46
57 cz 26 33
57 cz 13 20
57 cz 41 48
57 y_1_2 0
57 y_1_2 1
57 y_1_2 4
57 x_1_2 5
57 x_1_2 10
57 y_1_2 15
57 y_1_2 19
57 x_1_2 23
57 y_1_2 28
57 x_1_2 32
57 t 38
57 t 43
57 x_1_2 47
58 cz 1 2
58 cz 5 6
58 cz 10 11
58 cz 15 16
58 cz 19 20
58 cz 24 25
58 cz 29 30
58 cz 33 34
58 cz 38 39
58 cz 43 44
58 cz 47 48
58 t 7
58 x_1_2 9
58 y_1_2 13
58 t 14
58 y_1_2 18
58 t 22
58 x_1_2 26
58 y_1_2 31
58 x_1_2 35
58 t 37
58 t 41
58 x_1_2 42
58 x_1_2 46
59 cz 0 7
59 cz 28 35
59 cz 15 22
59 cz 2 9
59 cz 30 37
59 cz 17 24
59 cz 4 11
59 cz 32 39
59 cz 19 26
59 cz 6 13
59 cz 34 41
59 x_1_2 1
59 y_1_2 5
59 y_1_2 10
59 y_1_2 16
59 t 20
59 x_1_2 25
59 x_1_2 29
59 t 33
59 x_1_2 38
59 x_1_2 43
59 t 44
59 y_1_2 47
59 x_1_2 48
60 cz 2 3
60 cz 7 8
60 cz 11 12
60 cz 16 17
60 cz 21 22
60 cz 25 26
60 cz 30 31
60 cz 35 36
60 cz 39 40
60 cz 44 45
60 t 0
60 t 4
60 t 6
60 t 9
60 x_1_2 13
60 t 15
60 t 19
60 y_1_2 24
60 t 28
60 t 32
60 y_1_2 34
60 x_1_2 37
60 y_1_2 41
61 cz 21 28
61 cz 8 15
61 cz 36 43
61 cz 23 30
61 cz 10 17
61 cz 38 45
61 cz 25 32
61 cz 12 19
61 cz 40 47
61 cz 27 34
61 t 2
61 y_1_2 3
61 y_1_2 7
61 y_1_2 11
61 x_1_2 16
61 y_1_2 22
61 y_1_2 26
61 t 31
61 t 35
61 t 39
61 y_1_2 44
62 cz 1 2
62 cz 5 6
62 cz 10 11
62 cz 15 16
62 cz 19 20
62 cz 24 25
62 cz 29 30
62 cz 33 34
62 cz 38 39
62 cz 43 44
62 cz 47 48
62 x_1_2 8
62 x_1_2 12
62 t 17
62 t 21
62 y_1_2 23
62 t 27
62 x_1_2 28
62 y_1_2 32
62 t 36
62 t 40
62 t 45
63 cz 14 21
63 cz 1 8
63 cz 29 36
63 cz 16 23
63 cz 3 10
63 cz 31 38
63 cz 18 25
63 cz 5 12
63 cz 33 40
63 cz 20 27
63 y_1_2 2
63 x_1_2 6
63 x_1_2 11
63 y_1_2 15
63 y_1_2 19
63 t 24
63 t 30
63 x_1_2 34
63 y_1_2 39
63 y_1_2 43
63 x_1_2 44
63 x_1_2 47
63 t 48
64 cz 0 1
64 cz 4 5
64 cz 9 10
64 cz 14 15
64 cz 18 19
64 cz 23 24
64 cz 28 29
64 cz 32 33
64 cz 37 38
64 cz 42 43
64 cz 46 47
64 x_1_2 3
64 t 8
64 y_1_2 12
64 y_1_2 16
64 y_1_2 20
64 y_1_2 21
64 y_1_2 25
64 x_1_2 27
64 x_1_2 31
64 x_1_2 36
64 y_1_2 40
65 cz 7 14
65 cz 35 42
65 cz 22 29
65 cz 9 16
65 cz 37 44
65 cz 24 31
65 cz 11 18
65 cz 39 46
65 cz 26 33
65 cz 13 20
65 cz 41 48
65 x_1_2 0
65 t 1
65 x_1_2 4
65 t 5
65 x_1_2 10
65 t 15
65 x_1_2 19
65 x_1_2 23
65 t 28
65 x_1_2 32
65 y_1_2 38
65 t 43
65 t 47
66 cz 1 2
66 cz 5 6
66 cz 10 11
66 cz 15 16
66 cz 19 20
66 cz 24 25
66 cz 29 30
66 cz 33 34
66 cz 38 39
66 cz 43 44
66 cz 47 48
66 t 7
66 x_1_2 9
66 y_1_2 13
66 y_1_2 14
66 t 18
66 t 22
66 t 26
66 y_1_2 31
66 x_1_2 35
66 t 37
66 t 41
66 y_1_2 42
66 t 46
67 cz 0 7
67 cz 28 35
67 cz 15 22
67 cz 2 9
67 cz 30 37
67 cz 17 24
67 cz 4 11
67 cz 32 39
67 cz 19 26
67 cz 6 13
67 cz 34 41
67 x_1_2 1
67 x_1_2 5
67 t 10
67 t 16
67 t 20
67 t 25
67 y_1_2 29
67 x_1_2 33
67 t 38
67 x_1_2 43
67 t 44
67 x_1_2 47
67 y_1_2 48
68 cz 2 3
68 cz 7 8
68 cz 11 12
68 cz 16 17
68 cz 21 22
68 cz 25 26
68 cz 30 31
68 cz 35 36
68 cz 39 40
68 cz 44 45
68 t 0
68 t 4
68 y_1_2 6
68 t 9
68 t 13
68 x_1_2 15
68 t 19
68 x_1_2 24
68 y_1_2 28
68 t 32
68 y_1_2 34
68 y_1_2 37
68 y_1_2 41
69 cz 21 28
69 cz 8 15
69 cz 36 43
69 cz 23 30
69 cz 10 17
69 cz 38 45
69 cz 25 32
69 cz 12 19
69 cz 40 47
69 cz 27 34
69 t 2
69 t 3
69 x_1_2 7
69 t 11
69 y_1_2 16
69 x_1_2 22
69 x_1_2 26
69 x_1_2 31
69 y_1_2 35
69 x_1_2 39
69 x_1_2 44
70 cz 1 2
70 cz 5 6
70 cz 10 11
70 cz 15 16
70 cz 19 20
70 cz 24 25
70 cz 29 30
70 cz 33 34
70 cz 38 39
70 cz 43 44
70 cz 47 48
70 y_1_2 8
70 x_1_2 12
70 x_1_2 17
70 t 21
70 y_1_2 23
70 y_1_2 27
70 t 28
70 x_1_2 32
70 y_1_2 36
70 t 40
70 y_1_2 45
71 cz 14 21
71 cz 1 8
71 cz 29 36
71 cz 16 23
71 cz 3 10
71 cz 31 38
71 cz 18 25
71 cz 5 12
71 cz 33 40
71 cz 20 27
71 x_1_2 2
71 t 6
71 x_1_2 11
71 y_1_2 15
71 y_1_2 19
71 t 24
71 y_1_2 30
71 x_1_2 34
71 t 39
71 t 43
71 t 44
71 t 47
71 x_1_2 48
72 cz 0 1
72 cz 4 5
72 cz 9 10
72 cz 14 15
72 cz 18 19
72 cz 23 24
72 cz 28 29
72 cz 32 33
72 cz 37 38
72 cz 42 43
72 cz 46 47
72 y_1_2 3
72 x_1_2 8
72 y_1_2 12
72 x_1_2 16
72 y_1_2 20
72 y_1_2 21
72 x_1_2 25
72 x_1_2 27
72 t 31
72 x_1_2 36
72 x_1_2 40
73 cz 7 14
73 cz 35 42
73 cz 22 29
73 cz 9 16
73 cz 37 44
73 cz 24 31
73 cz 11 18
73 cz 39 46
73 cz 26 33
73 cz 13 20
73 cz 41 48
73 x_1_2 0
73 y_1_2 1
73 x_1_2 4
73 t 5
73 x_1_2 10
73 x_1_2 15
73 x_1_2 19
73 x_1_2 23
73 y_1_2 28
73 t 32
73 x_1_2 38
73 y_1_2 43
73 x_1_2 47
74 cz 1 2
74 cz 5 6
74 cz 10 11
74 cz 15 16
74 cz 19 20
74 cz 24 25
74 cz 29 30
74 cz 33 34
74 cz 38 39
74 cz 43 44
74 cz 47 48
74 t 7
74 y_1_2 9
74 y_1_2 13
74 t 14
74 y_1_2 18
74 t 22
74 t 26
74 y_1_2 31
74 t 35
74 x_1_2 37
74 t 41
74 t 42
74 y_1_2 46
75 cz 0 7
75 cz 28 35
75 cz 15 22
75 cz 2 9
75 cz 30 37
75 cz 17 24
75 cz 4 11
75 cz 32 39
75 cz 19 26
75 cz 6 13
75 cz 34 41
75 t 1
75 x_1_2 5
75 y_1_2 10
75 y_1_2 16
75 t 20
75 y_1_2 25
75 x_1_2 29
75 t 33
75 y_1_2 38
75 t 43
75 x_1_2 44
75 y_1_2 47
75 y_1_2 48
76 cz 2 3
76 cz 7 8
76 cz 11 12
76 cz 16 17
76 cz 21 22
76 cz 25 26
76 cz 30 31
76 cz 35 36
76 cz 39 40
76 cz 44 45
76 t 0
76 t 4
76 y_1_2 6
76 x_1_2 9
76 x_1_2 13
76 y_1_2 15
76 y_1_2 19
76 x_1_2 24
76 t 28
76 y_1_2 32
76 y_1_2 34
76 y_1_2 37
76 x_1_2 41
77 cz 21 28
77 cz 8 15
77 cz 36 43
77 cz 23 30
77 cz 10 17
77 cz 38 45
77 cz 25 32
77 cz 12 19
77 cz 40 47
77 cz 27 34
77 t 2
77 x_1_2 3
77 x_1_2 7
77 t 11
77 t 16
77 x_1_2 22
77 x_1_2 26
77 x_1_2 31
77 x_1_2 35
77 x_1_2 39
77 t 44
78 cz 1 2
78 cz 5 6
78 cz 10 11
78 cz 15 16
78 cz 19 20
78 cz 24 25
78 cz 29 30
78 cz 33 34
78 cz 38 39
78 cz 43 44
78 cz 47 48
78 t 8
78 x_1_2 12
78 y_1_2 17
78 x_1_2 21
78 y_1_2 23
78 y_1_2 27
78 y_1_2 28
78 t 32
78 y_1_2 36
78 t 40
78 t 45
79 cz 14 21
79 cz 1 8
79 cz 29 36
79 cz 16 23
79 cz 3 10
79 cz 31 38
79 cz 18 25
79 cz 5 12
79 cz 33 40
79 cz 20 27
79 x_1_2 2
79 x_1_2 6
79 y_1_2 11
79 t 15
79 t 19
79 t 24
79 x_1_2 30
79 x_1_2 34
79 t 39
79 y_1_2 43
79 x_1_2 44
79 x_1_2 47
79 t 48
80 cz 0 1
80 cz 4 5
80 cz 9 10
80 cz 14 15
80 cz 18 19
80 cz 23 24
80 cz 28 29
80 cz 32 33
80 cz 37 38
80 cz 42 43
80 cz 46 47
80 t 3
80 x_1_2 8
80 y_1_2 12
80 x_1_2 16
80 y_1_2 20
80 t 21
80 x_1_2 25
80 t 27
80 t 31
80 t 36
80 y_1_2 40
81 cz 7 14
81 cz 35 42
81 cz 22 29
81 cz 9 16
81 cz 37 44
81 cz 24 31
81 cz 11 18
81 cz 39 46
81 cz 26 33
81 cz 13 20
81 cz 41 48
81 y_1_2 0
81 y_1_2 1
81 y_1_2 4
81 y_1_2 5
81 x_1_2 10
81 y_1_2 15
81 x_1_2 19
81 t 23
81 x_1_2 28
81 x_1_2 32
81 x_1_2 38
81 t 43
81 y_1_2 47
82 cz 1 2
82 cz 5 6
82 cz 10 11
82 cz 15 16
82 cz 19 20
82 cz 24 25
82 cz 29 30
82 cz 33 34
82 cz 38 39
82 cz 43 44
82 cz 47 48
82 t 7
82 t 9
82 y_1_2 13
82 x_1_2 14
82 t 18
82 t 22
82 t 26
82 y_1_2 31
82 t 35
82 x_1_2 37
82 t 41
82 y_1_2 42
82 t 46
83 cz 0 7
83 cz 28 35
83 cz 15 22
83 cz 2 9
83 cz 30 37
83 cz 17 24
83 cz 4 11
83 cz 32 39
83 cz 19 26
83 cz 6 13
83 cz 34 41
83 x_1_2 1
83 x_1_2 5
83 t 10
83 y_1_2 16
83 x_1_2 20
83 y_1_2 25
83 t 29
83 x_1_2 33
83 t 38
83 x_1_2 43
83 y_1_2 44
83 x_1_2 47
83 y_1_2 48
84 cz 2 3
84 cz 7 8
84 cz 11 12
84 cz 16 17
84 cz 21 22
84 cz 25 26
84 cz 30 31
84 cz 35 36
84 cz 39 40
84 cz 44 45
84 t 0
84 t 4
84 t 6
84 y_1_2 9
84 x_1_2 13
84 x_1_2 15
84 y_1_2 19
84 y_1_2 24
84 t 28
84 y_1_2 32
84 t 34
84 t 37
84 y_1_2 41
85 cz 21 28
85 cz 8 15
85 cz 36 43
85 cz 23 30
85 cz 10 17
85 cz 38 45
85 cz 25 32
85 cz 12 19
85 cz 40 47
85 cz 27 34
85 t 2
85 x_1_2 3
85 y_1_2 7
85 t 11
85 x_1_2 16
85 y_1_2 22
85 y_1_2 26
85 x_1_2 31
85 x_1_2 35
85 x_1_2 39
85 x_1_2 44
86 cz 1 2
86 cz 5 6
86 cz 10 11
86 cz 15 16
86 cz 19 20
86 cz 24 25
86 cz 29 30
86 cz 33 34
86 cz 38 39
86 cz 43 44
86 cz 47 48
86 t 8
86 x_1_2 12
86 x_1_2 17
86 x_1_2 21
86 x_1_2 23
86 y_1_2 27
86 y_1_2 28
86 t 32
86 x_1_2 36
86 x_1_2 40
86 y_1_2 45
87 cz 14 21
87 cz 1 8
87 cz 29 36
87 cz 16 23
87 cz 3 10
87 cz 31 38
87 cz 18 25
87 cz 5 12
87 cz 33 40
87 cz 20 27
87 y_1_2 2
87 x_1_2 6
87 x_1_2 11
87 t 15
87 x_1_2 19
87 t 24
87 t 30
87 x_1_2 34
87 t 39
87 t 43
87 y_1_2 44
87 t 47
87 x_1_2 48
88 cz 0 1
88 cz 4 5
88 cz 9 10
88 cz 14 15
88 cz 18 19
88 cz 23 24
88 cz 28 29
88 cz 32 33
88 cz 37 38
88 cz 42 43
88 cz 46 47
88 y_1_2 3
88 x_1_2 8
88 t 12
88 t 16
88 t 20
88 y_1_2 21
88 t 25
88 x_1_2 27
88 t 31
88 y_1_2 36
88 y_1_2 40
89 cz 7 14
89 cz 35 42
89 cz 22 29
89 cz 9 16
89 cz 37 44
89 cz 24 31
89 cz 11 18
89 cz 39 46
89 cz 26 33
89 cz 13 20
89 cz 41 48
89 y_1_2 0
89 y_1_2 1
89 y_1_2 4
89 t 5
89 x_1_2 10
89 y_1_2 15
89 y_1_2 19
89 y_1_2 23
89 x_1_2 28
89 y_1_2 32
89 x_1_2 38
89 y_1_2 43
89 x_1_2 47
90 cz 1 2
90 cz 5 6
90 cz 10 11
90 cz 15 16
90 cz 19 20
90 cz 24 25
90 cz 29 30
90 cz 33 34
90 cz 38 39
90 cz 43 44
90 cz 47 48
90 t 7
90 t 9
90 y_1_2 13
90 y_1_2 14
90 y_1_2 18
90 x_1_2 22
90 x_1_2 26
90 y_1_2 31
90 y_1_2 35
90 x_1_2 37
90 t 41
90 t 42
90 x_1_2 46
91 cz 0 7
91 cz 28 35
91 cz 15 22
91 cz 2 9
91 cz 30 37
91 cz 17 24
91 cz 4 11
91 cz 32 39
91 cz 19 26
91 cz 6 13
91 cz 34 41
91 x_1_2 1
91 x_1_2 5
91 t 10
91 y_1_2 16
91 x_1_2 20
91 x_1_2 25
91 y_1_2 29
91 t 33
91 y_1_2 38
91 t 43
91 x_1_2 44
91 y_1_2 47
91 t 48
92 cz 2 3
92 cz 7 8
92 cz 11 12
92 cz 16 17
92 cz 21 22
92 cz 25 26
92 cz 30 31
92 cz 35 36
92 cz 39 40
92 cz 44 45
92 x_1_2 0
92 t 4
92 y_1_2 6
92 x_1_2 9
92 x_1_2 13
92 t 15
92 x_1_2 19
92 y_1_2 24
92 t 28
92 t 32
92 t 34
92 t 37
92 y_1_2 41
93 cz 21 28
93 cz 8 15
93 cz 36 43
93 cz 23 30
93 cz 10 17
93 cz 38 45
93 cz 25 32
93 cz 12 19
93 cz 40 47
93 cz 27 34
93 x_1_2 2
93 t 3
93 x_1_2 7
93 y_1_2 11
93 x_1_2 16
93 t 22
93 y_1_2 26
93 t 31
93 x_1_2 35
93 x_1_2 39
93 y_1_2 44
94 cz 1 2
94 cz 5 6
94 cz 10 11
94 cz 15 16
94 cz 19 20
94 cz 24 25
94 cz 29 30
94 cz 33 34
94 cz 38 39
94 cz 43 44
94 cz 47 48
94 t 8
94 x_1_2 12
94 y_1_2 17
94 t 21
94 x_1_2 23
94 y_1_2 27
94 y_1_2 28
94 x_1_2 32
94 x_1_2 36
94 t 40
94 t 45
95 cz 14 21
95 cz 1 8
95 cz 29 36
95 cz 16 23
95 cz 3 10
95 cz 31 38
95 cz 18 25
95 cz 5 12
95 cz 33 40
95 cz 20 27
95 t 2
95 t 6
95 x_1_2 11
95 y_1_2 15
95 t 19
95 t 24
95 y_1_2 30
95 y_1_2 34
95 y_1_2 39
95 x_1_2 43
95 x_1_2 44
95 t 47
95 y_1_2 48
96 cz 0 1
96 cz 4 5
96 cz 9 10
96 cz 14 15
96 cz 18 19
96 cz 23 24
96 cz 28 29
96 cz 32 33
96 cz 37 38
96 cz 42 43
96 cz 46 47
96 x_1_2 3
96 y_1_2 8
96 y_1_2 12
96 y_1_2 16
96 t 20
96 y_1_2 21
96 t 25
96 t 27
96 y_1_2 31
96 t 36
96 x_1_2 40
97 cz 7 14
97 cz 35 42
97 cz 22 29
97 cz 9 16
97 cz 37 44
97 cz 24 31
97 cz 11 18
97 cz 39 46
97 cz 26 33
97 cz 13 20
97 cz 41 48
97 t 0
97 y_1_2 1
97 y_1_2 4
97 y_1_2 5
97 y_1_2 10
97 x_1_2 15
97 y_1_2 19
97 y_1_2 23
97 x_1_2 28
97 y_1_2 32
97 t 38
97 y_1_2 43
97 x_1_2 47
98 cz 1 2
98 cz 5 6
98 cz 10 11
98 cz 15 16
98 cz 19 20
98 cz 24 25
98 cz 29 30
98 cz 33 34
98 cz 38 39
98 cz 43 44
98 cz 47 48
98 y_1_2 7
98 y_1_2 9
98 y_1_2 13
98 t 14
98 x_1_2 18
98 x_1_2 22
98 x_1_2 26
98 x_1_2 31
98 y_1_2 35
98 x_1_2 37
98 x_1_2 41
98 x_1_2 42
98 t 46
99 cz 0 7
99 cz 28 35
99 cz 15 22
99 cz 2 9
99 cz 30 37
99 cz 17 24
99 cz 4 11
99 cz 32 39
99 cz 19 26
99 cz 6 13
99 cz 34 41
99 t 1
99 t 5
99 x_1_2 10
99 t 16
99 y_1_2 20
99 y_1_2 25
99 t 29
99 y_1_2 33
99 y_1_2 38
99 x_1_2 43
99 y_1_2 44
99 y_1_2 47
99 t 48
